18.101665
18.099250
18.100933
18.096369
18.092937
18.091260
18.090456
18.088953
18.090069
18.090312
18.090577
18.091492
18.091652
18.091600
18.091838
18.092221
18.092933
18.092700
18.091955
18.091922
18.091692
18.091419
18.091083
18.090409
18.090420
18.090083
18.090159
18.089318
18.088890
18.088545
18.088197
18.087957
18.088096
18.087499
18.087407
18.087045
18.087263
18.087309
18.087413
18.087534
18.087684
18.087455
18.087542
18.087631
18.087561
18.087493
18.087590
18.087460
18.087492
18.087445
18.087262
18.087101
18.086928
18.087148
18.087097
18.086994
18.087150
18.087271
18.087363
18.087266
18.087153
18.086967
18.086915
18.087022
18.086971
18.087197
18.087201
18.087080
18.087036
18.086823
18.086724
18.086612
18.086685
18.086703
18.086501
18.086459
18.086365
18.086373
18.086280
18.086463
18.086478
18.086499
18.086464
18.086501
18.086449
18.086539
18.086475
18.086470
18.086426
18.086327
18.086375
18.086493
18.086344
18.086242
18.086188
18.086339
18.086286
18.086328
18.086236
18.086206
18.085921
18.085809
18.085706
18.085995
18.086003
18.086103
18.085985
18.085972
18.085886
18.085816
18.085733
18.085354
18.085183
18.085165
18.084971
18.084747
18.084529
18.084488
18.084725
18.084711
18.084555
18.084584
18.084622
18.084768
18.084715
18.084912
18.084816
18.085118
18.085172
18.085247
18.085374
18.085471
18.085185
18.085389
18.085339
18.085567
18.085352
18.085295
18.085138
18.085170
18.085115
18.085138
18.085184
18.085046
18.084998
18.084851
18.084887
18.084953
18.084954
18.084833
18.084832
18.084989
18.084991
18.084677
18.084645
18.084406
18.084364
18.084362
18.084319
18.084379
18.084334
18.084481
18.084388
18.084298
18.084344
18.084133
18.084120
18.084092
18.084256
18.084282
18.084144
18.084148
18.084050
18.083983
18.084044
18.083986
18.083825
18.083883
18.083917
18.083710
18.083756
18.083790
18.083778
18.083740
18.083692
18.083726
18.083798
18.083830
18.083896
18.084051
18.084057
18.083754
18.083755
18.083980
18.084009
18.083872
18.084015
18.083896
18.084062
18.083990
18.084163
18.084160
18.084004
18.083781
18.083781
18.083719
18.083762
18.083857
18.083988
18.083876
18.083911
18.084050
18.084085
18.083971
18.084009
18.084212
18.084312
18.084412
18.084241
18.084269
18.084540
18.084534
18.084449
18.084441
18.084483
18.084405
18.084568
18.084391
18.084288
18.084170
18.083912
18.083797
18.084037
18.084146
18.084114
18.084004
18.084082
18.084192
18.084211
18.083930
18.083949
18.084031
18.084130
18.084201
18.084217
18.084477
133.174727
133.176242
133.174034
133.179573
133.182513
133.183713
133.179763
133.180694
133.181250
133.182714
133.184750
133.184859
133.185503
133.184641
133.185081
133.184315
133.183897
133.183806
133.184465
133.184742
133.184378
133.184605
133.185091
133.184992
133.184321
133.184978
133.185190
133.185194
133.184934
133.184361
133.184422
133.184032
133.183988
133.184194
133.184129
133.184009
133.184195
133.184196
133.184261
133.184049
133.184208
133.183885
133.183660
133.183465
133.183928
133.183583
133.183642
133.183528
133.183634
133.183705
133.183861
133.183795
133.183612
133.184197
133.184144
133.184023
133.183787
133.183804
133.184106
133.184187
133.184119
133.184312
133.184582
133.184363
133.184292
133.184219
133.184443
133.184222
133.184081
133.183913
133.183811
133.183819
133.183789
133.183749
133.183491
133.183330
133.183455
133.183536
133.183674
133.183694
133.183740
133.183842
133.183774
133.183786
133.183776
133.183686
133.183887
133.183518
133.183636
133.183726
133.183914
133.183770
133.183946
133.183774
133.183808
133.184048
133.183736
133.183815
133.183736
133.183652
133.183842
133.183704
133.183581
133.183261
133.183113
133.183034
133.183379
133.183454
133.183328
133.183123
133.182803
133.182679
133.182697
133.182636
133.182629
133.182863
133.182835
133.182925
133.182714
133.182748
133.182854
133.182708
133.182754
133.182837
133.182904
133.182908
133.182841
133.183022
133.183074
133.183106
133.183070
133.183273
133.183452
133.183501
133.183651
133.183821
133.183764
133.183770
133.183777
133.183799
133.183757
133.183816
133.183898
133.184026
133.183846
133.183896
133.183845
133.183880
133.183910
133.183891
133.183935
133.184005
133.184005
133.183790
133.183940
133.184061
133.184073
133.184248
133.183980
133.183763
133.183848
133.183864
133.183903
133.184009
133.184389
133.184289
133.184179
133.184317
133.184313
133.184327
133.184294
133.184267
133.184277
133.184386
133.184546
133.184641
133.184551
133.184503
133.184475
133.184581
133.184595
133.184530
133.184557
133.184605
133.184470
133.184547
133.184152
133.184412
133.184442
133.184124
133.184074
133.184197
133.183994
133.184302
133.184459
133.184252
133.184387
133.184106
133.184073
133.184054
133.183974
133.184034
133.184319
133.184435
133.184470
133.184517
133.184615
133.184330
133.184515
133.184343
113.401569
113.405284
113.404311
113.406929
113.408828
113.410778
113.409096
113.406624
113.406276
113.404685
113.403995
15.279568
15.270745
15.267989
15.268475
15.270749
15.270808
15.270802
15.270980
15.271577
15.270839
15.269562
15.269020
15.269192
15.269265
15.269227
15.268841
15.268862
15.269172
15.268725
15.269144
127.304160
127.292594
127.287678
127.281449
127.283027
127.282330
127.282656
127.288860
127.292245
127.295171
127.297408
127.298078
127.296659
127.294635
127.291350
127.291598
127.289138
127.290230
127.291157
127.289389
127.289260
127.287390
127.286805
127.286543
127.287359
127.287892
127.290501
127.292147
127.291835
127.290634
127.291178
127.291733
127.291901
127.292163
127.292676
127.292028
127.292035
127.292067
127.292184
127.293144
127.294186
127.294017
127.294228
127.295952
127.296382
127.296903
127.296903
127.296714
127.297300
127.297757
127.298120
127.297566
127.296753
127.297073
127.298094
127.299131
127.299657
127.299351
127.298753
127.298428
127.298008
127.297108
127.297885
127.297485
127.297978
127.297703
127.297640
127.296874
127.297466
127.297261
127.297175
127.297271
120.995586
121.006323
121.008516
121.007300
120.997239
120.990033
120.989174
120.987538
120.988228
120.987211
120.982791
120.984201
120.984706
120.984374
120.985160
120.986027
120.986684
120.983950
120.983019
120.982805
120.981506
120.981433
120.981619
120.982336
120.983424
120.982571
120.980827
120.980625
120.980107
120.980561
120.979404
120.979521
120.980296
120.981186
120.980815
120.979400
120.979249
120.977422
120.978100
120.978540
120.978810
120.978982
120.979563
120.979893
120.980363
120.979811
120.979853
120.979485
120.978764
120.979006
120.978620
120.978451
120.978256
120.978922
120.980389
120.979687
120.979861
120.979677
120.979424
120.979462
120.979230
120.978245
120.977916
120.977517
120.976897
120.976490
120.976276
120.976974
120.976973
120.977102
120.977176
120.977175
120.977178
120.977095
120.977184
120.977396
120.977638
120.978049
120.977690
120.977717
120.977815
120.977242
120.977681
120.977919
120.978279
120.978420
120.978321
120.978468
120.978701
120.978112
120.978130
120.978179
120.978370
120.978412
120.978183
120.978375
120.978063
120.977437
120.977287
120.976822
120.976143
120.975812
120.975402
120.975272
120.975435
120.975362
120.975253
120.975189
120.974631
120.974582
120.975029
120.974904
120.974785
120.974752
120.974880
120.974593
120.973972
120.974530
120.974662
120.974546
120.974889
120.975120
120.975324
120.975045
120.974480
120.974512
120.974903
120.974795
120.975053
120.974607
120.974800
120.975485
120.974841
120.974122
120.974308
120.974779
120.974700
120.975404
120.974990
120.974740
120.974349
120.974373
120.973938
120.974184
120.973694
120.973843
120.974013
120.973934
120.974361
120.973957
120.974006
120.974081
120.974259
120.973776
120.972615
120.973382
120.973266
120.973317
120.973195
120.973274
120.973484
120.974165
120.974133
120.974324
120.974620
120.974957
120.975215
120.974777
120.974871
120.974623
120.974502
120.974632
120.974332
120.974495
120.974574
120.974570
120.974195
120.973730
120.974059
120.973909
120.973614
120.973501
120.973494
120.973362
120.972816
120.972685
120.973138
120.972913
120.973046
120.973293
120.972853
120.972911
120.972354
120.972465
120.972644
120.972080
120.972414
120.972977
120.972904
120.973155
120.973491
120.972982
120.972962
120.972451
120.972688
120.972919
120.972659
120.972878
120.973262
120.973456
120.973487
120.973244
120.973322
120.973388
120.973074
120.973141
120.973496
120.973506
120.973305
120.973591
120.973373
120.973458
120.973399
120.973149
120.973474
120.973092
120.972785
120.973240
120.973021
120.973222
120.973254
120.972150
120.972702
120.973391
120.973543
120.973267
120.973102
120.972908
120.973130
120.973007
120.972812
120.972520
120.972509
120.972006
120.972073
120.972417
120.971933
120.972113
120.971961
120.972391
120.972774
120.972414
120.972166
120.971821
120.972201
120.971998
120.971872
120.971693
120.972191
120.972306
120.972204
120.972347
120.972272
120.972253
120.972235
120.972535
120.972312
120.972375
120.972032
120.971908
120.972005
120.972530
120.972686
120.972293
120.971811
120.971540
120.971914
120.972167
120.972419
120.972802
120.972963
120.973347
120.973060
120.973316
120.973471
120.973071
120.973148
120.972669
120.972235
120.972655
120.972939
120.972932
120.973325
120.972872
120.972908
120.973071
120.973093
120.973192
120.973211
120.973355
120.973266
120.973878
120.974051
120.974405
120.974035
120.974442
120.974953
120.975447
120.975447
120.975686
120.975665
120.975883
120.975655
120.975385
120.975192
120.975072
120.974956
120.974326
120.974645
120.974226
120.974533
120.974131
120.973872
120.973884
120.973705
120.973917
120.973994
120.974405
120.974166
120.974259
120.974066
120.974989
120.974894
120.974577
120.974148
120.974360
120.974456
120.974472
120.973945
120.974244
120.974813
120.975030
120.975213
120.975358
120.975516
120.975790
120.975802
120.975511
120.975527
120.975233
120.975199
120.975058
120.975365
120.975636
120.975465
120.975347
120.975304
120.975202
120.974770
120.974695
120.974826
120.974633
120.974548
120.974639
120.974742
120.974677
120.974547
120.974729
120.974871
120.975334
120.974880
120.974131
120.973835
120.973905
120.973964
120.974173
120.974123
120.973808
120.973631
120.973063
120.972935
120.973070
120.972994
120.972644
120.972743
120.973043
120.972466
120.973155
120.973363
120.973256
120.973669
120.973404
120.972913
120.973128
120.973019
120.972668
120.972607
120.972559
120.972389
120.972467
120.972514
120.971977
120.971979
120.971909
120.972267
120.971291
120.971274
120.970411
120.970660
120.969780
120.969852
120.969605
120.970123
120.970050
120.970001
120.969592
120.969515
120.969729
120.969146
120.968953
120.968564
120.968600
120.968066
120.967803
120.967751
120.967901
120.967858
120.967026
120.967631
120.967814
120.967967
120.967234
120.966929
120.966563
120.966572
120.966580
120.967129
120.967206
120.967768
120.967459
120.967193
120.967668
120.967213
120.966935
120.966631
120.965895
38.188883
38.174636
38.158833
38.148563
38.132399
38.134737
38.132422
38.128453
38.129842
38.129906
38.129073
38.125402
38.124360
38.125142
38.126872
38.125867
38.124483
38.126463
38.128395
38.131501
38.130835
38.130739
38.132317
38.132831
38.133028
38.132696
38.133801
38.133344
38.131874
38.132976
38.132334
38.131100
38.131061
38.132375
38.133052
38.132422
38.133651
38.132500
38.131953
38.131811
38.132299
38.129945
38.130092
38.129820
38.130955
38.130938
38.130788
38.130020
38.129583
38.129169
38.129693
38.129265
38.128709
38.128370
38.128389
38.128436
38.128501
38.128976
38.128653
38.128507
38.127652
38.127482
38.126949
38.127614
38.127572
38.126971
38.127091
38.127511
38.127050
38.126514
38.126591
38.126926
38.127171
38.127952
38.128171
38.128136
38.128129
38.127158
38.126745
38.127071
38.127046
38.126863
38.126966
38.127157
38.127462
38.128483
38.129092
38.129593
38.129208
38.129242
38.128862
38.128689
38.128482
38.128224
38.128179
38.128512
38.128736
38.128692
38.128795
38.128598
38.127443
38.127076
38.126834
38.126699
38.127503
38.126927
38.127112
38.127331
38.127477
38.127253
38.127689
38.127593
38.127998
38.127360
38.127459
38.127958
38.127873
38.127258
38.127144
38.126871
38.126735
38.126473
38.125956
38.125515
38.125368
38.125785
38.125570
38.125009
38.125543
38.125143
38.125346
38.125502
38.125696
38.125169
38.125104
38.125554
38.124614
38.124897
38.124904
38.124681
38.124734
38.125747
38.125837
38.125847
38.125288
38.125724
38.125635
38.126191
38.126450
38.127293
38.127028
38.127264
38.127824
38.128107
38.128451
38.128097
38.127882
38.127616
38.127837
38.127958
38.128311
38.128252
38.128772
38.128172
38.127785
38.128141
38.128414
38.127945
38.127994
38.127998
38.128249
38.128071
38.127752
38.127511
38.127021
38.127308
38.127449
38.128438
38.129497
38.129050
38.128711
38.128905
38.128641
38.128301
38.127781
38.126783
38.126276
38.125368
38.125747
38.125195
38.125546
38.125586
38.126213
38.126222
38.126167
38.125633
38.125428
38.125219
38.125072
38.124850
38.125525
38.125873
38.126147
38.126570
38.126274
38.126486
38.126478
38.126788
38.126295
38.126432
38.125799
38.126365
38.126203
38.126278
38.125866
38.125657
38.126270
38.126859
38.126964
38.127216
38.127510
38.127697
38.127464
38.127467
38.127864
38.128015
38.128190
<<<<<<< HEAD
10.198518
10.194568
10.193767
10.194046
10.195113
10.195326
10.196838
10.196421
10.197393
10.198005
10.197722
10.197873
10.197422
10.197343
10.196951
10.196460
10.196374
10.196099
10.195597
10.195924
10.195559
10.195809
10.195972
10.196283
10.196209
10.196270
10.196514
10.196295
10.196742
10.196463
10.196307
10.196196
10.196316
10.196396
10.196631
10.196780
10.196829
10.196725
10.196857
10.196634
10.196561
10.196740
10.196919
10.197095
10.197266
10.197440
10.197583
10.197450
10.197447
10.197530
10.197508
10.197398
10.197377
10.197325
10.197336
10.197455
10.197398
10.197565
10.197593
10.197692
10.197675
10.197700
10.197568
10.197719
10.197872
10.197889
10.197894
10.197917
10.197987
10.197957
10.197980
10.198001
10.197938
10.198032
10.198014
10.198156
10.198152
10.198136
10.198143
10.198127
10.198168
10.198188
10.198048
10.198057
10.198127
10.198177
10.198327
10.198335
10.198334
10.198366
10.198372
10.198441
10.198453
10.198430
10.198359
10.198402
10.198357
10.198269
10.198248
10.198178
10.198152
10.198290
10.198408
10.198487
10.198551
10.198495
10.198428
10.198450
10.198433
10.198333
10.198335
10.198325
10.198461
10.198391
10.198502
10.198621
10.198635
10.198666
10.198762
10.198807
10.198959
10.198905
10.198918
10.198855
10.198837
10.198800
10.198828
10.198989
10.198857
10.198983
10.198949
10.198998
10.198986
10.198956
10.198899
10.198953
10.198875
10.199005
10.198983
10.199055
10.199139
10.199127
10.199060
10.199008
10.198997
10.198874
10.198835
10.198856
10.198882
10.198820
10.198803
10.198815
10.198769
10.198902
10.198950
10.199006
10.199175
10.199085
10.199150
10.199173
10.199225
10.199163
10.199310
10.199229
10.199111
10.199129
10.199173
10.199280
10.199214
10.199371
10.199447
10.199376
10.199408
10.199344
10.199389
10.199300
10.199310
10.199347
10.199372
10.199433
10.199395
10.199417
10.199509
10.199503
10.199547
10.199583
10.199478
10.199399
10.199381
10.199377
10.199265
10.199141
10.199139
10.199045
10.199126
10.198984
10.199032
10.199208
10.199190
10.199190
10.199145
10.198987
10.199047
10.198977
10.198934
10.198966
10.198898
10.198984
10.198815
10.198943
10.198924
10.198945
10.198962
10.198952
10.198979
10.198991
10.199020
10.199068
10.199130
10.199109
10.199111
10.199177
10.199168
10.199229
10.199339
10.199435
10.199424
10.199441
61.721687
61.752337
61.733472
61.733253
61.731495
61.733608
61.738243
61.731150
61.736316
61.734022
61.731341
61.728467
61.727093
61.728286
61.728754
61.727440
61.725849
61.727033
61.728072
61.726421
61.725743
61.723687
61.725300
61.724153
61.723687
61.724759
61.725142
61.726116
61.726194
61.725808
61.727425
61.728272
61.728353
104.891330
104.911261
104.899806
104.897049
104.901707
104.902894
104.901648
104.897591
104.900292
104.903308
104.902994
104.902006
104.902317
104.902462
104.900305
104.898974
142.682388
142.681067
161.553826
161.550898
161.551537
161.551079
161.549127
161.546901
161.547332
161.547891
161.547876
161.547566
161.547504
74.790541
=======
>>>>>>> parent of e470b68 (ac_decon_gmvae)
70.163595
70.164932
70.170690
70.169593
70.164836
